(kicad_pcb (version 20171130) (host pcbnew "(5.0.2)-1")

  (general
    (thickness 1.6)
    (drawings 8)
    (tracks 102)
    (zones 0)
    (modules 18)
    (nets 13)
  )

  (page A4)
  (layers
    (0 F.Cu signal)
    (31 B.Cu signal)
    (32 B.Adhes user)
    (33 F.Adhes user)
    (34 B.Paste user)
    (35 F.Paste user)
    (36 B.SilkS user)
    (37 F.SilkS user)
    (38 B.Mask user)
    (39 F.Mask user)
    (40 Dwgs.User user)
    (41 Cmts.User user)
    (42 Eco1.User user)
    (43 Eco2.User user)
    (44 Edge.Cuts user)
    (45 Margin user)
    (46 B.CrtYd user)
    (47 F.CrtYd user)
    (48 B.Fab user)
    (49 F.Fab user hide)
  )

  (setup
    (last_trace_width 0.25)
    (trace_clearance 0.2)
    (zone_clearance 0.508)
    (zone_45_only no)
    (trace_min 0.2)
    (segment_width 0.2)
    (edge_width 0.15)
    (via_size 0.8)
    (via_drill 0.4)
    (via_min_size 0.4)
    (via_min_drill 0.3)
    (uvia_size 0.3)
    (uvia_drill 0.1)
    (uvias_allowed no)
    (uvia_min_size 0.2)
    (uvia_min_drill 0.1)
    (pcb_text_width 0.3)
    (pcb_text_size 1.5 1.5)
    (mod_edge_width 0.15)
    (mod_text_size 1 1)
    (mod_text_width 0.15)
    (pad_size 1.524 1.524)
    (pad_drill 0.762)
    (pad_to_mask_clearance 0.051)
    (solder_mask_min_width 0.25)
    (aux_axis_origin 0 0)
    (visible_elements 7FFFFFFF)
    (pcbplotparams
      (layerselection 0x010fc_ffffffff)
      (usegerberextensions false)
      (usegerberattributes false)
      (usegerberadvancedattributes false)
      (creategerberjobfile false)
      (excludeedgelayer true)
      (linewidth 0.100000)
      (plotframeref false)
      (viasonmask false)
      (mode 1)
      (useauxorigin false)
      (hpglpennumber 1)
      (hpglpenspeed 20)
      (hpglpendiameter 15.000000)
      (psnegative false)
      (psa4output false)
      (plotreference true)
      (plotvalue true)
      (plotinvisibletext false)
      (padsonsilk false)
      (subtractmaskfromsilk false)
      (outputformat 4)
      (mirror false)
      (drillshape 0)
      (scaleselection 1)
      (outputdirectory "pdf/"))
  )

  (net 0 "")
  (net 1 GND)
  (net 2 /PWM)
  (net 3 /Vin)
  (net 4 /FB)
  (net 5 /Vout)
  (net 6 /SW)
  (net 7 "Net-(C3-Pad1)")
  (net 8 /DIMC)
  (net 9 "Net-(C4-Pad1)")
  (net 10 "Net-(R3-Pad1)")
  (net 11 /OVP)
  (net 12 "Net-(C5-Pad1)")

  (net_class Default "This is the default net class."
    (clearance 0.2)
    (trace_width 0.25)
    (via_dia 0.8)
    (via_drill 0.4)
    (uvia_dia 0.3)
    (uvia_drill 0.1)
    (add_net /DIMC)
    (add_net /FB)
    (add_net /OVP)
    (add_net /PWM)
    (add_net /SW)
    (add_net /Vin)
    (add_net /Vout)
    (add_net GND)
    (add_net "Net-(C3-Pad1)")
    (add_net "Net-(C4-Pad1)")
    (add_net "Net-(C5-Pad1)")
    (add_net "Net-(R3-Pad1)")
  )

  (module Resistor_SMD:R_0805_2012Metric (layer F.Cu) (tedit 5B36C52B) (tstamp 5D2F2ECC)
    (at 45.3 35.5 270)
    (descr "Resistor SMD 0805 (2012 Metric), square (rectangular) end terminal, IPC_7351 nominal, (Body size source: https://docs.google.com/spreadsheets/d/1BsfQQcO9C6DZCsRaXUlFlo91Tg2WpOkGARC1WS5S8t0/edit?usp=sharing), generated with kicad-footprint-generator")
    (tags resistor)
    (path /5D1F7AAC)
    (attr smd)
    (fp_text reference R3 (at 2.7 0 270) (layer F.SilkS)
      (effects (font (size 1 1) (thickness 0.15)))
    )
    (fp_text value 33k (at 0 1.65 270) (layer F.Fab)
      (effects (font (size 1 1) (thickness 0.15)))
    )
    (fp_text user %R (at 0 0 270) (layer F.Fab)
      (effects (font (size 0.5 0.5) (thickness 0.08)))
    )
    (fp_line (start 1.68 0.95) (end -1.68 0.95) (layer F.CrtYd) (width 0.05))
    (fp_line (start 1.68 -0.95) (end 1.68 0.95) (layer F.CrtYd) (width 0.05))
    (fp_line (start -1.68 -0.95) (end 1.68 -0.95) (layer F.CrtYd) (width 0.05))
    (fp_line (start -1.68 0.95) (end -1.68 -0.95) (layer F.CrtYd) (width 0.05))
    (fp_line (start -0.258578 0.71) (end 0.258578 0.71) (layer F.SilkS) (width 0.12))
    (fp_line (start -0.258578 -0.71) (end 0.258578 -0.71) (layer F.SilkS) (width 0.12))
    (fp_line (start 1 0.6) (end -1 0.6) (layer F.Fab) (width 0.1))
    (fp_line (start 1 -0.6) (end 1 0.6) (layer F.Fab) (width 0.1))
    (fp_line (start -1 -0.6) (end 1 -0.6) (layer F.Fab) (width 0.1))
    (fp_line (start -1 0.6) (end -1 -0.6) (layer F.Fab) (width 0.1))
    (pad 2 smd roundrect (at 0.9375 0 270) (size 0.975 1.4) (layers F.Cu F.Paste F.Mask) (roundrect_rratio 0.25)
      (net 1 GND))
    (pad 1 smd roundrect (at -0.9375 0 270) (size 0.975 1.4) (layers F.Cu F.Paste F.Mask) (roundrect_rratio 0.25)
      (net 10 "Net-(R3-Pad1)"))
    (model ${KISYS3DMOD}/Resistor_SMD.3dshapes/R_0805_2012Metric.wrl
      (at (xyz 0 0 0))
      (scale (xyz 1 1 1))
      (rotate (xyz 0 0 0))
    )
  )

  (module Resistor_SMD:R_0805_2012Metric (layer F.Cu) (tedit 5B36C52B) (tstamp 5D2F2EBC)
    (at 50.35 35.5 270)
    (descr "Resistor SMD 0805 (2012 Metric), square (rectangular) end terminal, IPC_7351 nominal, (Body size source: https://docs.google.com/spreadsheets/d/1BsfQQcO9C6DZCsRaXUlFlo91Tg2WpOkGARC1WS5S8t0/edit?usp=sharing), generated with kicad-footprint-generator")
    (tags resistor)
    (path /5D1F7B84)
    (attr smd)
    (fp_text reference R2 (at 2.7 -0.05 270) (layer F.SilkS)
      (effects (font (size 1 1) (thickness 0.15)))
    )
    (fp_text value 10k (at 0 1.65 270) (layer F.Fab)
      (effects (font (size 1 1) (thickness 0.15)))
    )
    (fp_line (start -1 0.6) (end -1 -0.6) (layer F.Fab) (width 0.1))
    (fp_line (start -1 -0.6) (end 1 -0.6) (layer F.Fab) (width 0.1))
    (fp_line (start 1 -0.6) (end 1 0.6) (layer F.Fab) (width 0.1))
    (fp_line (start 1 0.6) (end -1 0.6) (layer F.Fab) (width 0.1))
    (fp_line (start -0.258578 -0.71) (end 0.258578 -0.71) (layer F.SilkS) (width 0.12))
    (fp_line (start -0.258578 0.71) (end 0.258578 0.71) (layer F.SilkS) (width 0.12))
    (fp_line (start -1.68 0.95) (end -1.68 -0.95) (layer F.CrtYd) (width 0.05))
    (fp_line (start -1.68 -0.95) (end 1.68 -0.95) (layer F.CrtYd) (width 0.05))
    (fp_line (start 1.68 -0.95) (end 1.68 0.95) (layer F.CrtYd) (width 0.05))
    (fp_line (start 1.68 0.95) (end -1.68 0.95) (layer F.CrtYd) (width 0.05))
    (fp_text user %R (at 0 0 270) (layer F.Fab)
      (effects (font (size 0.5 0.5) (thickness 0.08)))
    )
    (pad 1 smd roundrect (at -0.9375 0 270) (size 0.975 1.4) (layers F.Cu F.Paste F.Mask) (roundrect_rratio 0.25)
      (net 11 /OVP))
    (pad 2 smd roundrect (at 0.9375 0 270) (size 0.975 1.4) (layers F.Cu F.Paste F.Mask) (roundrect_rratio 0.25)
      (net 1 GND))
    (model ${KISYS3DMOD}/Resistor_SMD.3dshapes/R_0805_2012Metric.wrl
      (at (xyz 0 0 0))
      (scale (xyz 1 1 1))
      (rotate (xyz 0 0 0))
    )
  )

  (module TPS61500PWPR:SOP65P640X120-15N (layer F.Cu) (tedit 5D219052) (tstamp 5D3DD497)
    (at 51.6 26)
    (path /5D1EDDA4)
    (attr smd)
    (fp_text reference U1 (at 4.6 1.2 90) (layer F.SilkS)
      (effects (font (size 1 1) (thickness 0.15)))
    )
    (fp_text value TPS61500PWPR (at 1.7548 3.40789) (layer F.Fab)
      (effects (font (size 1.64206 1.64206) (thickness 0.05)))
    )
    (fp_line (start -2.2606 -1.8034) (end -2.2606 -2.1082) (layer Eco2.User) (width 0.1))
    (fp_line (start -2.2606 -2.1082) (end -3.302 -2.1082) (layer Eco2.User) (width 0.1))
    (fp_line (start -3.302 -2.1082) (end -3.302 -1.8034) (layer Eco2.User) (width 0.1))
    (fp_line (start -3.302 -1.8034) (end -2.2606 -1.8034) (layer Eco2.User) (width 0.1))
    (fp_line (start -2.2606 -1.143) (end -2.2606 -1.4478) (layer Eco2.User) (width 0.1))
    (fp_line (start -2.2606 -1.4478) (end -3.302 -1.4478) (layer Eco2.User) (width 0.1))
    (fp_line (start -3.302 -1.4478) (end -3.302 -1.143) (layer Eco2.User) (width 0.1))
    (fp_line (start -3.302 -1.143) (end -2.2606 -1.143) (layer Eco2.User) (width 0.1))
    (fp_line (start -2.2606 -0.508) (end -2.2606 -0.8128) (layer Eco2.User) (width 0.1))
    (fp_line (start -2.2606 -0.8128) (end -3.302 -0.8128) (layer Eco2.User) (width 0.1))
    (fp_line (start -3.302 -0.8128) (end -3.302 -0.508) (layer Eco2.User) (width 0.1))
    (fp_line (start -3.302 -0.508) (end -2.2606 -0.508) (layer Eco2.User) (width 0.1))
    (fp_line (start -2.2606 0.1524) (end -2.2606 -0.1524) (layer Eco2.User) (width 0.1))
    (fp_line (start -2.2606 -0.1524) (end -3.302 -0.1524) (layer Eco2.User) (width 0.1))
    (fp_line (start -3.302 -0.1524) (end -3.302 0.1524) (layer Eco2.User) (width 0.1))
    (fp_line (start -3.302 0.1524) (end -2.2606 0.1524) (layer Eco2.User) (width 0.1))
    (fp_line (start -2.2606 0.8128) (end -2.2606 0.508) (layer Eco2.User) (width 0.1))
    (fp_line (start -2.2606 0.508) (end -3.302 0.508) (layer Eco2.User) (width 0.1))
    (fp_line (start -3.302 0.508) (end -3.302 0.8128) (layer Eco2.User) (width 0.1))
    (fp_line (start -3.302 0.8128) (end -2.2606 0.8128) (layer Eco2.User) (width 0.1))
    (fp_line (start -2.2606 1.4478) (end -2.2606 1.143) (layer Eco2.User) (width 0.1))
    (fp_line (start -2.2606 1.143) (end -3.302 1.143) (layer Eco2.User) (width 0.1))
    (fp_line (start -3.302 1.143) (end -3.302 1.4478) (layer Eco2.User) (width 0.1))
    (fp_line (start -3.302 1.4478) (end -2.2606 1.4478) (layer Eco2.User) (width 0.1))
    (fp_line (start -2.2606 2.1082) (end -2.2606 1.8034) (layer Eco2.User) (width 0.1))
    (fp_line (start -2.2606 1.8034) (end -3.302 1.8034) (layer Eco2.User) (width 0.1))
    (fp_line (start -3.302 1.8034) (end -3.302 2.1082) (layer Eco2.User) (width 0.1))
    (fp_line (start -3.302 2.1082) (end -2.2606 2.1082) (layer Eco2.User) (width 0.1))
    (fp_line (start 2.2606 1.8034) (end 2.2606 2.1082) (layer Eco2.User) (width 0.1))
    (fp_line (start 2.2606 2.1082) (end 3.302 2.1082) (layer Eco2.User) (width 0.1))
    (fp_line (start 3.302 2.1082) (end 3.302 1.8034) (layer Eco2.User) (width 0.1))
    (fp_line (start 3.302 1.8034) (end 2.2606 1.8034) (layer Eco2.User) (width 0.1))
    (fp_line (start 2.2606 1.143) (end 2.2606 1.4478) (layer Eco2.User) (width 0.1))
    (fp_line (start 2.2606 1.4478) (end 3.302 1.4478) (layer Eco2.User) (width 0.1))
    (fp_line (start 3.302 1.4478) (end 3.302 1.143) (layer Eco2.User) (width 0.1))
    (fp_line (start 3.302 1.143) (end 2.2606 1.143) (layer Eco2.User) (width 0.1))
    (fp_line (start 2.2606 0.508) (end 2.2606 0.8128) (layer Eco2.User) (width 0.1))
    (fp_line (start 2.2606 0.8128) (end 3.302 0.8128) (layer Eco2.User) (width 0.1))
    (fp_line (start 3.302 0.8128) (end 3.302 0.508) (layer Eco2.User) (width 0.1))
    (fp_line (start 3.302 0.508) (end 2.2606 0.508) (layer Eco2.User) (width 0.1))
    (fp_line (start 2.2606 -0.1524) (end 2.2606 0.1524) (layer Eco2.User) (width 0.1))
    (fp_line (start 2.2606 0.1524) (end 3.302 0.1524) (layer Eco2.User) (width 0.1))
    (fp_line (start 3.302 0.1524) (end 3.302 -0.1524) (layer Eco2.User) (width 0.1))
    (fp_line (start 3.302 -0.1524) (end 2.2606 -0.1524) (layer Eco2.User) (width 0.1))
    (fp_line (start 2.2606 -0.8128) (end 2.2606 -0.508) (layer Eco2.User) (width 0.1))
    (fp_line (start 2.2606 -0.508) (end 3.302 -0.508) (layer Eco2.User) (width 0.1))
    (fp_line (start 3.302 -0.508) (end 3.302 -0.8128) (layer Eco2.User) (width 0.1))
    (fp_line (start 3.302 -0.8128) (end 2.2606 -0.8128) (layer Eco2.User) (width 0.1))
    (fp_line (start 2.2606 -1.4478) (end 2.2606 -1.143) (layer Eco2.User) (width 0.1))
    (fp_line (start 2.2606 -1.143) (end 3.302 -1.143) (layer Eco2.User) (width 0.1))
    (fp_line (start 3.302 -1.143) (end 3.302 -1.4478) (layer Eco2.User) (width 0.1))
    (fp_line (start 3.302 -1.4478) (end 2.2606 -1.4478) (layer Eco2.User) (width 0.1))
    (fp_line (start 2.2606 -2.1082) (end 2.2606 -1.8034) (layer Eco2.User) (width 0.1))
    (fp_line (start 2.2606 -1.8034) (end 3.302 -1.8034) (layer Eco2.User) (width 0.1))
    (fp_line (start 3.302 -1.8034) (end 3.302 -2.1082) (layer Eco2.User) (width 0.1))
    (fp_line (start 3.302 -2.1082) (end 2.2606 -2.1082) (layer Eco2.User) (width 0.1))
    (fp_line (start -2.2606 2.54) (end 2.2606 2.54) (layer Eco2.User) (width 0.1))
    (fp_line (start 2.2606 2.54) (end 2.2606 -2.54) (layer Eco2.User) (width 0.1))
    (fp_line (start 2.2606 -2.54) (end 0.3048 -2.54) (layer Eco2.User) (width 0.1))
    (fp_line (start 0.3048 -2.54) (end -0.3048 -2.54) (layer Eco2.User) (width 0.1))
    (fp_line (start -0.3048 -2.54) (end -2.2606 -2.54) (layer Eco2.User) (width 0.1))
    (fp_line (start -2.2606 -2.54) (end -2.2606 2.54) (layer Eco2.User) (width 0.1))
    (fp_arc (start 0 -2.54) (end -0.3048 -2.54) (angle -180) (layer Eco2.User) (width 0.1))
    (fp_line (start 3.9878 0.635) (end 4.9784 0.635) (layer F.SilkS) (width 0.1524))
    (fp_line (start -2.2606 2.54) (end 2.2606 2.54) (layer F.SilkS) (width 0.1524))
    (fp_line (start 2.2606 -2.54) (end 0.3048 -2.54) (layer F.SilkS) (width 0.1524))
    (fp_line (start 0.3048 -2.54) (end -0.3048 -2.54) (layer F.SilkS) (width 0.1524))
    (fp_line (start -0.3048 -2.54) (end -2.2606 -2.54) (layer F.SilkS) (width 0.1524))
    (fp_arc (start 0 -2.54) (end -0.3048 -2.54) (angle -180) (layer F.SilkS) (width 0.1524))
    (pad 1 smd rect (at -2.921 -1.9558) (size 1.4732 0.3556) (layers F.Cu F.Paste F.Mask)
      (net 6 /SW))
    (pad 2 smd rect (at -2.921 -1.2954) (size 1.4732 0.3556) (layers F.Cu F.Paste F.Mask)
      (net 6 /SW))
    (pad 3 smd rect (at -2.921 -0.6604) (size 1.4732 0.3556) (layers F.Cu F.Paste F.Mask)
      (net 3 /Vin))
    (pad 4 smd rect (at -2.921 0) (size 1.4732 0.3556) (layers F.Cu F.Paste F.Mask)
      (net 2 /PWM))
    (pad 5 smd rect (at -2.921 0.6604) (size 1.4732 0.3556) (layers F.Cu F.Paste F.Mask)
      (net 7 "Net-(C3-Pad1)"))
    (pad 6 smd rect (at -2.921 1.2954) (size 1.4732 0.3556) (layers F.Cu F.Paste F.Mask)
      (net 8 /DIMC))
    (pad 7 smd rect (at -2.921 1.9558) (size 1.4732 0.3556) (layers F.Cu F.Paste F.Mask)
      (net 1 GND))
    (pad 8 smd rect (at 2.921 1.9558) (size 1.4732 0.3556) (layers F.Cu F.Paste F.Mask)
      (net 9 "Net-(C4-Pad1)"))
    (pad 9 smd rect (at 2.921 1.2954) (size 1.4732 0.3556) (layers F.Cu F.Paste F.Mask)
      (net 4 /FB))
    (pad 10 smd rect (at 2.921 0.6604) (size 1.4732 0.3556) (layers F.Cu F.Paste F.Mask)
      (net 10 "Net-(R3-Pad1)"))
    (pad 11 smd rect (at 2.921 0) (size 1.4732 0.3556) (layers F.Cu F.Paste F.Mask)
      (net 11 /OVP))
    (pad 12 smd rect (at 2.921 -0.6604) (size 1.4732 0.3556) (layers F.Cu F.Paste F.Mask)
      (net 1 GND))
    (pad 13 smd rect (at 2.921 -1.2954) (size 1.4732 0.3556) (layers F.Cu F.Paste F.Mask)
      (net 1 GND))
    (pad 14 smd rect (at 2.921 -1.9558) (size 1.4732 0.3556) (layers F.Cu F.Paste F.Mask)
      (net 1 GND))
    (pad 15 smd rect (at 0 0) (size 2.3114 2.4638) (layers F.Cu F.Paste F.Mask)
      (net 1 GND))
  )

  (module Diode_SMD:D_SMC (layer F.Cu) (tedit 5864295D) (tstamp 5D3DE968)
    (at 52.19 19.08 180)
    (descr "Diode SMC (DO-214AB)")
    (tags "Diode SMC (DO-214AB)")
    (path /5D1F7EC7)
    (attr smd)
    (fp_text reference D1 (at -4.11 -4.32 270) (layer F.SilkS)
      (effects (font (size 1 1) (thickness 0.15)))
    )
    (fp_text value SS54 (at 0 2.18 180) (layer F.Fab)
      (effects (font (size 1 1) (thickness 0.15)))
    )
    (fp_text user %R (at 0 -1.9 180) (layer F.Fab)
      (effects (font (size 1 1) (thickness 0.15)))
    )
    (fp_line (start -4.8 3.25) (end -4.8 -3.25) (layer F.SilkS) (width 0.12))
    (fp_line (start 3.55 3.1) (end -3.55 3.1) (layer F.Fab) (width 0.1))
    (fp_line (start -3.55 3.1) (end -3.55 -3.1) (layer F.Fab) (width 0.1))
    (fp_line (start 3.55 -3.1) (end 3.55 3.1) (layer F.Fab) (width 0.1))
    (fp_line (start 3.55 -3.1) (end -3.55 -3.1) (layer F.Fab) (width 0.1))
    (fp_line (start -4.9 -3.35) (end 4.9 -3.35) (layer F.CrtYd) (width 0.05))
    (fp_line (start 4.9 -3.35) (end 4.9 3.35) (layer F.CrtYd) (width 0.05))
    (fp_line (start 4.9 3.35) (end -4.9 3.35) (layer F.CrtYd) (width 0.05))
    (fp_line (start -4.9 3.35) (end -4.9 -3.35) (layer F.CrtYd) (width 0.05))
    (fp_line (start -0.64944 0.00102) (end -1.55114 0.00102) (layer F.Fab) (width 0.1))
    (fp_line (start 0.50118 0.00102) (end 1.4994 0.00102) (layer F.Fab) (width 0.1))
    (fp_line (start -0.64944 -0.79908) (end -0.64944 0.80112) (layer F.Fab) (width 0.1))
    (fp_line (start 0.50118 0.75032) (end 0.50118 -0.79908) (layer F.Fab) (width 0.1))
    (fp_line (start -0.64944 0.00102) (end 0.50118 0.75032) (layer F.Fab) (width 0.1))
    (fp_line (start -0.64944 0.00102) (end 0.50118 -0.79908) (layer F.Fab) (width 0.1))
    (fp_line (start -4.8 3.25) (end 3.6 3.25) (layer F.SilkS) (width 0.12))
    (fp_line (start -4.8 -3.25) (end 3.6 -3.25) (layer F.SilkS) (width 0.12))
    (pad 1 smd rect (at -3.4 0 270) (size 3.3 2.5) (layers F.Cu F.Paste F.Mask)
      (net 5 /Vout))
    (pad 2 smd rect (at 3.4 0 270) (size 3.3 2.5) (layers F.Cu F.Paste F.Mask)
      (net 6 /SW))
    (model ${KISYS3DMOD}/Diode_SMD.3dshapes/D_SMC.wrl
      (at (xyz 0 0 0))
      (scale (xyz 1 1 1))
      (rotate (xyz 0 0 0))
    )
  )

  (module Capacitor_SMD:C_0805_2012Metric (layer F.Cu) (tedit 5B36C52B) (tstamp 5D3DD5C3)
    (at 35.06 35.51 270)
    (descr "Capacitor SMD 0805 (2012 Metric), square (rectangular) end terminal, IPC_7351 nominal, (Body size source: https://docs.google.com/spreadsheets/d/1BsfQQcO9C6DZCsRaXUlFlo91Tg2WpOkGARC1WS5S8t0/edit?usp=sharing), generated with kicad-footprint-generator")
    (tags capacitor)
    (path /5D1F7E5F)
    (attr smd)
    (fp_text reference C1 (at 2.76 0 270) (layer F.SilkS)
      (effects (font (size 1 1) (thickness 0.15)))
    )
    (fp_text value 10uF (at 0 1.65 270) (layer F.Fab)
      (effects (font (size 1 1) (thickness 0.15)))
    )
    (fp_line (start -1 0.6) (end -1 -0.6) (layer F.Fab) (width 0.1))
    (fp_line (start -1 -0.6) (end 1 -0.6) (layer F.Fab) (width 0.1))
    (fp_line (start 1 -0.6) (end 1 0.6) (layer F.Fab) (width 0.1))
    (fp_line (start 1 0.6) (end -1 0.6) (layer F.Fab) (width 0.1))
    (fp_line (start -0.258578 -0.71) (end 0.258578 -0.71) (layer F.SilkS) (width 0.12))
    (fp_line (start -0.258578 0.71) (end 0.258578 0.71) (layer F.SilkS) (width 0.12))
    (fp_line (start -1.68 0.95) (end -1.68 -0.95) (layer F.CrtYd) (width 0.05))
    (fp_line (start -1.68 -0.95) (end 1.68 -0.95) (layer F.CrtYd) (width 0.05))
    (fp_line (start 1.68 -0.95) (end 1.68 0.95) (layer F.CrtYd) (width 0.05))
    (fp_line (start 1.68 0.95) (end -1.68 0.95) (layer F.CrtYd) (width 0.05))
    (fp_text user %R (at 0 0 270) (layer F.Fab)
      (effects (font (size 0.5 0.5) (thickness 0.08)))
    )
    (pad 1 smd roundrect (at -0.9375 0 270) (size 0.975 1.4) (layers F.Cu F.Paste F.Mask) (roundrect_rratio 0.25)
      (net 3 /Vin))
    (pad 2 smd roundrect (at 0.9375 0 270) (size 0.975 1.4) (layers F.Cu F.Paste F.Mask) (roundrect_rratio 0.25)
      (net 1 GND))
    (model ${KISYS3DMOD}/Capacitor_SMD.3dshapes/C_0805_2012Metric.wrl
      (at (xyz 0 0 0))
      (scale (xyz 1 1 1))
      (rotate (xyz 0 0 0))
    )
  )

  (module Capacitor_SMD:C_0805_2012Metric (layer F.Cu) (tedit 5D21904D) (tstamp 5D3DD590)
    (at 52.9 35.5 270)
    (descr "Capacitor SMD 0805 (2012 Metric), square (rectangular) end terminal, IPC_7351 nominal, (Body size source: https://docs.google.com/spreadsheets/d/1BsfQQcO9C6DZCsRaXUlFlo91Tg2WpOkGARC1WS5S8t0/edit?usp=sharing), generated with kicad-footprint-generator")
    (tags capacitor)
    (path /5D1F7E2B)
    (attr smd)
    (fp_text reference C2 (at 2.74 0 270) (layer F.SilkS)
      (effects (font (size 1 1) (thickness 0.15)))
    )
    (fp_text value 10uF (at 0 1.65 270) (layer F.Fab)
      (effects (font (size 1 1) (thickness 0.15)))
    )
    (fp_text user %R (at 0 0 270) (layer F.Fab)
      (effects (font (size 0.5 0.5) (thickness 0.08)))
    )
    (fp_line (start 1.68 0.95) (end -1.68 0.95) (layer F.CrtYd) (width 0.05))
    (fp_line (start 1.68 -0.95) (end 1.68 0.95) (layer F.CrtYd) (width 0.05))
    (fp_line (start -1.68 -0.95) (end 1.68 -0.95) (layer F.CrtYd) (width 0.05))
    (fp_line (start -1.68 0.95) (end -1.68 -0.95) (layer F.CrtYd) (width 0.05))
    (fp_line (start -0.258578 0.71) (end 0.258578 0.71) (layer F.SilkS) (width 0.12))
    (fp_line (start -0.258578 -0.71) (end 0.258578 -0.71) (layer F.SilkS) (width 0.12))
    (fp_line (start 1 0.6) (end -1 0.6) (layer F.Fab) (width 0.1))
    (fp_line (start 1 -0.6) (end 1 0.6) (layer F.Fab) (width 0.1))
    (fp_line (start -1 -0.6) (end 1 -0.6) (layer F.Fab) (width 0.1))
    (fp_line (start -1 0.6) (end -1 -0.6) (layer F.Fab) (width 0.1))
    (pad 2 smd roundrect (at 0.9375 0 270) (size 0.975 1.4) (layers F.Cu F.Paste F.Mask) (roundrect_rratio 0.25)
      (net 1 GND))
    (pad 1 smd roundrect (at -0.9375 0 270) (size 0.975 1.4) (layers F.Cu F.Paste F.Mask) (roundrect_rratio 0.25)
      (net 5 /Vout))
    (model ${KISYS3DMOD}/Capacitor_SMD.3dshapes/C_0805_2012Metric.wrl
      (at (xyz 0 0 0))
      (scale (xyz 1 1 1))
      (rotate (xyz 0 0 0))
    )
  )

  (module Capacitor_SMD:C_0805_2012Metric (layer F.Cu) (tedit 5B36C52B) (tstamp 5D3DD57F)
    (at 40.16 35.51 270)
    (descr "Capacitor SMD 0805 (2012 Metric), square (rectangular) end terminal, IPC_7351 nominal, (Body size source: https://docs.google.com/spreadsheets/d/1BsfQQcO9C6DZCsRaXUlFlo91Tg2WpOkGARC1WS5S8t0/edit?usp=sharing), generated with kicad-footprint-generator")
    (tags capacitor)
    (path /5D1F7E80)
    (attr smd)
    (fp_text reference C3 (at 2.71 0 270) (layer F.SilkS)
      (effects (font (size 1 1) (thickness 0.15)))
    )
    (fp_text value 0.1uF (at 0 1.3 270) (layer F.Fab)
      (effects (font (size 1 1) (thickness 0.15)))
    )
    (fp_line (start -1 0.6) (end -1 -0.6) (layer F.Fab) (width 0.1))
    (fp_line (start -1 -0.6) (end 1 -0.6) (layer F.Fab) (width 0.1))
    (fp_line (start 1 -0.6) (end 1 0.6) (layer F.Fab) (width 0.1))
    (fp_line (start 1 0.6) (end -1 0.6) (layer F.Fab) (width 0.1))
    (fp_line (start -0.258578 -0.71) (end 0.258578 -0.71) (layer F.SilkS) (width 0.12))
    (fp_line (start -0.258578 0.71) (end 0.258578 0.71) (layer F.SilkS) (width 0.12))
    (fp_line (start -1.68 0.95) (end -1.68 -0.95) (layer F.CrtYd) (width 0.05))
    (fp_line (start -1.68 -0.95) (end 1.68 -0.95) (layer F.CrtYd) (width 0.05))
    (fp_line (start 1.68 -0.95) (end 1.68 0.95) (layer F.CrtYd) (width 0.05))
    (fp_line (start 1.68 0.95) (end -1.68 0.95) (layer F.CrtYd) (width 0.05))
    (fp_text user %R (at 0 0 270) (layer F.Fab)
      (effects (font (size 0.5 0.5) (thickness 0.08)))
    )
    (pad 1 smd roundrect (at -0.9375 0 270) (size 0.975 1.4) (layers F.Cu F.Paste F.Mask) (roundrect_rratio 0.25)
      (net 7 "Net-(C3-Pad1)"))
    (pad 2 smd roundrect (at 0.9375 0 270) (size 0.975 1.4) (layers F.Cu F.Paste F.Mask) (roundrect_rratio 0.25)
      (net 1 GND))
    (model ${KISYS3DMOD}/Capacitor_SMD.3dshapes/C_0805_2012Metric.wrl
      (at (xyz 0 0 0))
      (scale (xyz 1 1 1))
      (rotate (xyz 0 0 0))
    )
  )

  (module Capacitor_SMD:C_0805_2012Metric (layer F.Cu) (tedit 5B36C52B) (tstamp 5D3DD56E)
    (at 47.8 35.51 270)
    (descr "Capacitor SMD 0805 (2012 Metric), square (rectangular) end terminal, IPC_7351 nominal, (Body size source: https://docs.google.com/spreadsheets/d/1BsfQQcO9C6DZCsRaXUlFlo91Tg2WpOkGARC1WS5S8t0/edit?usp=sharing), generated with kicad-footprint-generator")
    (tags capacitor)
    (path /5D1F7E08)
    (attr smd)
    (fp_text reference C4 (at 2.71 0 270) (layer F.SilkS)
      (effects (font (size 1 1) (thickness 0.15)))
    )
    (fp_text value 0.1uF (at 0 1.65 270) (layer F.Fab)
      (effects (font (size 1 1) (thickness 0.15)))
    )
    (fp_text user %R (at 0 0 270) (layer F.Fab)
      (effects (font (size 0.5 0.5) (thickness 0.08)))
    )
    (fp_line (start 1.68 0.95) (end -1.68 0.95) (layer F.CrtYd) (width 0.05))
    (fp_line (start 1.68 -0.95) (end 1.68 0.95) (layer F.CrtYd) (width 0.05))
    (fp_line (start -1.68 -0.95) (end 1.68 -0.95) (layer F.CrtYd) (width 0.05))
    (fp_line (start -1.68 0.95) (end -1.68 -0.95) (layer F.CrtYd) (width 0.05))
    (fp_line (start -0.258578 0.71) (end 0.258578 0.71) (layer F.SilkS) (width 0.12))
    (fp_line (start -0.258578 -0.71) (end 0.258578 -0.71) (layer F.SilkS) (width 0.12))
    (fp_line (start 1 0.6) (end -1 0.6) (layer F.Fab) (width 0.1))
    (fp_line (start 1 -0.6) (end 1 0.6) (layer F.Fab) (width 0.1))
    (fp_line (start -1 -0.6) (end 1 -0.6) (layer F.Fab) (width 0.1))
    (fp_line (start -1 0.6) (end -1 -0.6) (layer F.Fab) (width 0.1))
    (pad 2 smd roundrect (at 0.9375 0 270) (size 0.975 1.4) (layers F.Cu F.Paste F.Mask) (roundrect_rratio 0.25)
      (net 1 GND))
    (pad 1 smd roundrect (at -0.9375 0 270) (size 0.975 1.4) (layers F.Cu F.Paste F.Mask) (roundrect_rratio 0.25)
      (net 9 "Net-(C4-Pad1)"))
    (model ${KISYS3DMOD}/Capacitor_SMD.3dshapes/C_0805_2012Metric.wrl
      (at (xyz 0 0 0))
      (scale (xyz 1 1 1))
      (rotate (xyz 0 0 0))
    )
  )

  (module Capacitor_SMD:C_0805_2012Metric (layer F.Cu) (tedit 5B36C52B) (tstamp 5D3DD55D)
    (at 42.71 35.51 270)
    (descr "Capacitor SMD 0805 (2012 Metric), square (rectangular) end terminal, IPC_7351 nominal, (Body size source: https://docs.google.com/spreadsheets/d/1BsfQQcO9C6DZCsRaXUlFlo91Tg2WpOkGARC1WS5S8t0/edit?usp=sharing), generated with kicad-footprint-generator")
    (tags capacitor)
    (path /5D1F7DA6)
    (attr smd)
    (fp_text reference C5 (at 2.73 -0.01 270) (layer F.SilkS)
      (effects (font (size 1 1) (thickness 0.15)))
    )
    (fp_text value 1uF (at 0 1.65 270) (layer F.Fab)
      (effects (font (size 1 1) (thickness 0.15)))
    )
    (fp_line (start -1 0.6) (end -1 -0.6) (layer F.Fab) (width 0.1))
    (fp_line (start -1 -0.6) (end 1 -0.6) (layer F.Fab) (width 0.1))
    (fp_line (start 1 -0.6) (end 1 0.6) (layer F.Fab) (width 0.1))
    (fp_line (start 1 0.6) (end -1 0.6) (layer F.Fab) (width 0.1))
    (fp_line (start -0.258578 -0.71) (end 0.258578 -0.71) (layer F.SilkS) (width 0.12))
    (fp_line (start -0.258578 0.71) (end 0.258578 0.71) (layer F.SilkS) (width 0.12))
    (fp_line (start -1.68 0.95) (end -1.68 -0.95) (layer F.CrtYd) (width 0.05))
    (fp_line (start -1.68 -0.95) (end 1.68 -0.95) (layer F.CrtYd) (width 0.05))
    (fp_line (start 1.68 -0.95) (end 1.68 0.95) (layer F.CrtYd) (width 0.05))
    (fp_line (start 1.68 0.95) (end -1.68 0.95) (layer F.CrtYd) (width 0.05))
    (fp_text user %R (at 0 0 270) (layer F.Fab)
      (effects (font (size 0.5 0.5) (thickness 0.08)))
    )
    (pad 1 smd roundrect (at -0.9375 0 270) (size 0.975 1.4) (layers F.Cu F.Paste F.Mask) (roundrect_rratio 0.25)
      (net 12 "Net-(C5-Pad1)"))
    (pad 2 smd roundrect (at 0.9375 0 270) (size 0.975 1.4) (layers F.Cu F.Paste F.Mask) (roundrect_rratio 0.25)
      (net 1 GND))
    (model ${KISYS3DMOD}/Capacitor_SMD.3dshapes/C_0805_2012Metric.wrl
      (at (xyz 0 0 0))
      (scale (xyz 1 1 1))
      (rotate (xyz 0 0 0))
    )
  )

  (module Capacitor_SMD:C_0805_2012Metric (layer F.Cu) (tedit 5D219038) (tstamp 5D3DD54C)
    (at 55.4 35.5 270)
    (descr "Capacitor SMD 0805 (2012 Metric), square (rectangular) end terminal, IPC_7351 nominal, (Body size source: https://docs.google.com/spreadsheets/d/1BsfQQcO9C6DZCsRaXUlFlo91Tg2WpOkGARC1WS5S8t0/edit?usp=sharing), generated with kicad-footprint-generator")
    (tags capacitor)
    (path /5D21DAD7)
    (attr smd)
    (fp_text reference C7 (at 2.76 0 270) (layer F.SilkS)
      (effects (font (size 1 1) (thickness 0.15)))
    )
    (fp_text value C (at 0 1.65 270) (layer F.Fab)
      (effects (font (size 1 1) (thickness 0.15)))
    )
    (fp_text user %R (at 0 0 270) (layer F.Fab)
      (effects (font (size 0.5 0.5) (thickness 0.08)))
    )
    (fp_line (start 1.68 0.95) (end -1.68 0.95) (layer F.CrtYd) (width 0.05))
    (fp_line (start 1.68 -0.95) (end 1.68 0.95) (layer F.CrtYd) (width 0.05))
    (fp_line (start -1.68 -0.95) (end 1.68 -0.95) (layer F.CrtYd) (width 0.05))
    (fp_line (start -1.68 0.95) (end -1.68 -0.95) (layer F.CrtYd) (width 0.05))
    (fp_line (start -0.258578 0.71) (end 0.258578 0.71) (layer F.SilkS) (width 0.12))
    (fp_line (start -0.258578 -0.71) (end 0.258578 -0.71) (layer F.SilkS) (width 0.12))
    (fp_line (start 1 0.6) (end -1 0.6) (layer F.Fab) (width 0.1))
    (fp_line (start 1 -0.6) (end 1 0.6) (layer F.Fab) (width 0.1))
    (fp_line (start -1 -0.6) (end 1 -0.6) (layer F.Fab) (width 0.1))
    (fp_line (start -1 0.6) (end -1 -0.6) (layer F.Fab) (width 0.1))
    (pad 2 smd roundrect (at 0.9375 0 270) (size 0.975 1.4) (layers F.Cu F.Paste F.Mask) (roundrect_rratio 0.25)
      (net 1 GND))
    (pad 1 smd roundrect (at -0.9375 0 270) (size 0.975 1.4) (layers F.Cu F.Paste F.Mask) (roundrect_rratio 0.25)
      (net 5 /Vout))
    (model ${KISYS3DMOD}/Capacitor_SMD.3dshapes/C_0805_2012Metric.wrl
      (at (xyz 0 0 0))
      (scale (xyz 1 1 1))
      (rotate (xyz 0 0 0))
    )
  )

  (module Capacitor_SMD:C_0805_2012Metric (layer F.Cu) (tedit 5D21926C) (tstamp 5D3DD53B)
    (at 37.61 35.51 270)
    (descr "Capacitor SMD 0805 (2012 Metric), square (rectangular) end terminal, IPC_7351 nominal, (Body size source: https://docs.google.com/spreadsheets/d/1BsfQQcO9C6DZCsRaXUlFlo91Tg2WpOkGARC1WS5S8t0/edit?usp=sharing), generated with kicad-footprint-generator")
    (tags capacitor)
    (path /5D21B57E)
    (attr smd)
    (fp_text reference C6 (at 2.75 -0.03 270) (layer F.SilkS)
      (effects (font (size 1 1) (thickness 0.15)))
    )
    (fp_text value C (at -0.02 1 270) (layer F.Fab)
      (effects (font (size 1 1) (thickness 0.15)))
    )
    (fp_line (start -1 0.6) (end -1 -0.6) (layer F.Fab) (width 0.1))
    (fp_line (start -1 -0.6) (end 1 -0.6) (layer F.Fab) (width 0.1))
    (fp_line (start 1 -0.6) (end 1 0.6) (layer F.Fab) (width 0.1))
    (fp_line (start 1 0.6) (end -1 0.6) (layer F.Fab) (width 0.1))
    (fp_line (start -0.258578 -0.71) (end 0.258578 -0.71) (layer F.SilkS) (width 0.12))
    (fp_line (start -0.258578 0.71) (end 0.258578 0.71) (layer F.SilkS) (width 0.12))
    (fp_line (start -1.68 0.95) (end -1.68 -0.95) (layer F.CrtYd) (width 0.05))
    (fp_line (start -1.68 -0.95) (end 1.68 -0.95) (layer F.CrtYd) (width 0.05))
    (fp_line (start 1.68 -0.95) (end 1.68 0.95) (layer F.CrtYd) (width 0.05))
    (fp_line (start 1.68 0.95) (end -1.68 0.95) (layer F.CrtYd) (width 0.05))
    (fp_text user %R (at 0 0 270) (layer F.Fab)
      (effects (font (size 0.5 0.5) (thickness 0.08)))
    )
    (pad 1 smd roundrect (at -0.9375 0 270) (size 0.975 1.4) (layers F.Cu F.Paste F.Mask) (roundrect_rratio 0.25)
      (net 3 /Vin))
    (pad 2 smd roundrect (at 0.9375 0 270) (size 0.975 1.4) (layers F.Cu F.Paste F.Mask) (roundrect_rratio 0.25)
      (net 1 GND))
    (model ${KISYS3DMOD}/Capacitor_SMD.3dshapes/C_0805_2012Metric.wrl
      (at (xyz 0 0 0))
      (scale (xyz 1 1 1))
      (rotate (xyz 0 0 0))
    )
  )

  (module Connector_PinHeader_2.54mm:PinHeader_1x02_P2.54mm_Vertical (layer F.Cu) (tedit 59FED5CC) (tstamp 5D3DD52A)
    (at 42.7 31.5 90)
    (descr "Through hole straight pin header, 1x02, 2.54mm pitch, single row")
    (tags "Through hole pin header THT 1x02 2.54mm single row")
    (path /5D218889)
    (fp_text reference J4 (at 0 -2.33 90) (layer F.SilkS)
      (effects (font (size 1 1) (thickness 0.15)))
    )
    (fp_text value EN_DIMC (at -1.5 1.3 180) (layer F.Fab)
      (effects (font (size 1 1) (thickness 0.15)))
    )
    (fp_text user %R (at 0 1.27 180) (layer F.Fab)
      (effects (font (size 1 1) (thickness 0.15)))
    )
    (fp_line (start 1.8 -1.8) (end -1.8 -1.8) (layer F.CrtYd) (width 0.05))
    (fp_line (start 1.8 4.35) (end 1.8 -1.8) (layer F.CrtYd) (width 0.05))
    (fp_line (start -1.8 4.35) (end 1.8 4.35) (layer F.CrtYd) (width 0.05))
    (fp_line (start -1.8 -1.8) (end -1.8 4.35) (layer F.CrtYd) (width 0.05))
    (fp_line (start -1.33 -1.33) (end 0 -1.33) (layer F.SilkS) (width 0.12))
    (fp_line (start -1.33 0) (end -1.33 -1.33) (layer F.SilkS) (width 0.12))
    (fp_line (start -1.33 1.27) (end 1.33 1.27) (layer F.SilkS) (width 0.12))
    (fp_line (start 1.33 1.27) (end 1.33 3.87) (layer F.SilkS) (width 0.12))
    (fp_line (start -1.33 1.27) (end -1.33 3.87) (layer F.SilkS) (width 0.12))
    (fp_line (start -1.33 3.87) (end 1.33 3.87) (layer F.SilkS) (width 0.12))
    (fp_line (start -1.27 -0.635) (end -0.635 -1.27) (layer F.Fab) (width 0.1))
    (fp_line (start -1.27 3.81) (end -1.27 -0.635) (layer F.Fab) (width 0.1))
    (fp_line (start 1.27 3.81) (end -1.27 3.81) (layer F.Fab) (width 0.1))
    (fp_line (start 1.27 -1.27) (end 1.27 3.81) (layer F.Fab) (width 0.1))
    (fp_line (start -0.635 -1.27) (end 1.27 -1.27) (layer F.Fab) (width 0.1))
    (pad 2 thru_hole oval (at 0 2.54 90) (size 1.7 1.7) (drill 1) (layers *.Cu *.Mask)
      (net 8 /DIMC))
    (pad 1 thru_hole rect (at 0 0 90) (size 1.7 1.7) (drill 1) (layers *.Cu *.Mask)
      (net 12 "Net-(C5-Pad1)"))
    (model ${KISYS3DMOD}/Connector_PinHeader_2.54mm.3dshapes/PinHeader_1x02_P2.54mm_Vertical.wrl
      (at (xyz 0 0 0))
      (scale (xyz 1 1 1))
      (rotate (xyz 0 0 0))
    )
  )

  (module Connector_PinHeader_2.54mm:PinHeader_1x02_P2.54mm_Vertical (layer F.Cu) (tedit 59FED5CC) (tstamp 5D3DD514)
    (at 50.3 31.5 90)
    (descr "Through hole straight pin header, 1x02, 2.54mm pitch, single row")
    (tags "Through hole pin header THT 1x02 2.54mm single row")
    (path /5D235B57)
    (fp_text reference J3 (at 0 -2.33 90) (layer F.SilkS)
      (effects (font (size 1 1) (thickness 0.15)))
    )
    (fp_text value "OVP_Resistor(R1)" (at -1.8 1.3 180) (layer F.Fab)
      (effects (font (size 1 1) (thickness 0.15)))
    )
    (fp_line (start -0.635 -1.27) (end 1.27 -1.27) (layer F.Fab) (width 0.1))
    (fp_line (start 1.27 -1.27) (end 1.27 3.81) (layer F.Fab) (width 0.1))
    (fp_line (start 1.27 3.81) (end -1.27 3.81) (layer F.Fab) (width 0.1))
    (fp_line (start -1.27 3.81) (end -1.27 -0.635) (layer F.Fab) (width 0.1))
    (fp_line (start -1.27 -0.635) (end -0.635 -1.27) (layer F.Fab) (width 0.1))
    (fp_line (start -1.33 3.87) (end 1.33 3.87) (layer F.SilkS) (width 0.12))
    (fp_line (start -1.33 1.27) (end -1.33 3.87) (layer F.SilkS) (width 0.12))
    (fp_line (start 1.33 1.27) (end 1.33 3.87) (layer F.SilkS) (width 0.12))
    (fp_line (start -1.33 1.27) (end 1.33 1.27) (layer F.SilkS) (width 0.12))
    (fp_line (start -1.33 0) (end -1.33 -1.33) (layer F.SilkS) (width 0.12))
    (fp_line (start -1.33 -1.33) (end 0 -1.33) (layer F.SilkS) (width 0.12))
    (fp_line (start -1.8 -1.8) (end -1.8 4.35) (layer F.CrtYd) (width 0.05))
    (fp_line (start -1.8 4.35) (end 1.8 4.35) (layer F.CrtYd) (width 0.05))
    (fp_line (start 1.8 4.35) (end 1.8 -1.8) (layer F.CrtYd) (width 0.05))
    (fp_line (start 1.8 -1.8) (end -1.8 -1.8) (layer F.CrtYd) (width 0.05))
    (fp_text user %R (at 0 1.27 180) (layer F.Fab)
      (effects (font (size 1 1) (thickness 0.15)))
    )
    (pad 1 thru_hole rect (at 0 0 90) (size 1.7 1.7) (drill 1) (layers *.Cu *.Mask)
      (net 11 /OVP))
    (pad 2 thru_hole oval (at 0 2.54 90) (size 1.7 1.7) (drill 1) (layers *.Cu *.Mask)
      (net 5 /Vout))
    (model ${KISYS3DMOD}/Connector_PinHeader_2.54mm.3dshapes/PinHeader_1x02_P2.54mm_Vertical.wrl
      (at (xyz 0 0 0))
      (scale (xyz 1 1 1))
      (rotate (xyz 0 0 0))
    )
  )

  (module Inductor_SMD:L_12x12mm_H8mm (layer F.Cu) (tedit 5990349C) (tstamp 5D3DD4E6)
    (at 39.74 22.3)
    (descr "Choke, SMD, 12x12mm 8mm height")
    (tags "Choke SMD")
    (path /5D1F7CC3)
    (attr smd)
    (fp_text reference L1 (at -5.34 7.43) (layer F.SilkS)
      (effects (font (size 1 1) (thickness 0.15)))
    )
    (fp_text value 15uH (at -0.02 4) (layer F.Fab)
      (effects (font (size 1 1) (thickness 0.15)))
    )
    (fp_text user %R (at 0 0) (layer F.Fab)
      (effects (font (size 1 1) (thickness 0.15)))
    )
    (fp_line (start 6.3 3.3) (end 6.3 6.3) (layer F.SilkS) (width 0.12))
    (fp_line (start 6.3 6.3) (end -6.3 6.3) (layer F.SilkS) (width 0.12))
    (fp_line (start -6.3 6.3) (end -6.3 3.3) (layer F.SilkS) (width 0.12))
    (fp_line (start -6.3 -3.3) (end -6.3 -6.3) (layer F.SilkS) (width 0.12))
    (fp_line (start -6.3 -6.3) (end 6.3 -6.3) (layer F.SilkS) (width 0.12))
    (fp_line (start 6.3 -6.3) (end 6.3 -3.3) (layer F.SilkS) (width 0.12))
    (fp_line (start -6.86 -6.6) (end 6.86 -6.6) (layer F.CrtYd) (width 0.05))
    (fp_line (start 6.86 -6.6) (end 6.86 6.6) (layer F.CrtYd) (width 0.05))
    (fp_line (start 6.86 6.6) (end -6.86 6.6) (layer F.CrtYd) (width 0.05))
    (fp_line (start -6.86 6.6) (end -6.86 -6.6) (layer F.CrtYd) (width 0.05))
    (fp_line (start 4.9 3.3) (end 5 3.4) (layer F.Fab) (width 0.1))
    (fp_line (start 5 3.4) (end 5.1 3.8) (layer F.Fab) (width 0.1))
    (fp_line (start 5.1 3.8) (end 5 4.3) (layer F.Fab) (width 0.1))
    (fp_line (start 5 4.3) (end 4.8 4.6) (layer F.Fab) (width 0.1))
    (fp_line (start 4.8 4.6) (end 4.5 5) (layer F.Fab) (width 0.1))
    (fp_line (start 4.5 5) (end 4 5.1) (layer F.Fab) (width 0.1))
    (fp_line (start 4 5.1) (end 3.5 5) (layer F.Fab) (width 0.1))
    (fp_line (start 3.5 5) (end 3.1 4.7) (layer F.Fab) (width 0.1))
    (fp_line (start 3.1 4.7) (end 3 4.6) (layer F.Fab) (width 0.1))
    (fp_line (start 3 4.6) (end 2.4 5) (layer F.Fab) (width 0.1))
    (fp_line (start 2.4 5) (end 1.6 5.3) (layer F.Fab) (width 0.1))
    (fp_line (start 1.6 5.3) (end 0.6 5.5) (layer F.Fab) (width 0.1))
    (fp_line (start 0.6 5.5) (end -0.6 5.5) (layer F.Fab) (width 0.1))
    (fp_line (start -0.6 5.5) (end -1.5 5.3) (layer F.Fab) (width 0.1))
    (fp_line (start -1.5 5.3) (end -2.1 5.1) (layer F.Fab) (width 0.1))
    (fp_line (start -2.1 5.1) (end -2.6 4.9) (layer F.Fab) (width 0.1))
    (fp_line (start -2.6 4.9) (end -3 4.7) (layer F.Fab) (width 0.1))
    (fp_line (start -3 4.7) (end -3.3 4.9) (layer F.Fab) (width 0.1))
    (fp_line (start -3.3 4.9) (end -3.9 5.1) (layer F.Fab) (width 0.1))
    (fp_line (start -3.9 5.1) (end -4.3 5) (layer F.Fab) (width 0.1))
    (fp_line (start -4.3 5) (end -4.6 4.8) (layer F.Fab) (width 0.1))
    (fp_line (start -4.6 4.8) (end -4.9 4.6) (layer F.Fab) (width 0.1))
    (fp_line (start -4.9 4.6) (end -5.1 4.1) (layer F.Fab) (width 0.1))
    (fp_line (start -5.1 4.1) (end -5 3.6) (layer F.Fab) (width 0.1))
    (fp_line (start -5 3.6) (end -4.8 3.2) (layer F.Fab) (width 0.1))
    (fp_line (start 4.9 -3.3) (end 5 -3.6) (layer F.Fab) (width 0.1))
    (fp_line (start 5 -3.6) (end 5.1 -4) (layer F.Fab) (width 0.1))
    (fp_line (start 5.1 -4) (end 5 -4.3) (layer F.Fab) (width 0.1))
    (fp_line (start 5 -4.3) (end 4.8 -4.7) (layer F.Fab) (width 0.1))
    (fp_line (start 4.8 -4.7) (end 4.5 -4.9) (layer F.Fab) (width 0.1))
    (fp_line (start 4.5 -4.9) (end 4.2 -5.1) (layer F.Fab) (width 0.1))
    (fp_line (start 4.2 -5.1) (end 3.9 -5.1) (layer F.Fab) (width 0.1))
    (fp_line (start 3.9 -5.1) (end 3.6 -5) (layer F.Fab) (width 0.1))
    (fp_line (start 3.6 -5) (end 3.3 -4.9) (layer F.Fab) (width 0.1))
    (fp_line (start 3.3 -4.9) (end 3 -4.6) (layer F.Fab) (width 0.1))
    (fp_line (start 3 -4.6) (end 2.6 -4.9) (layer F.Fab) (width 0.1))
    (fp_line (start 2.6 -4.9) (end 2.2 -5.1) (layer F.Fab) (width 0.1))
    (fp_line (start 2.2 -5.1) (end 1.7 -5.3) (layer F.Fab) (width 0.1))
    (fp_line (start 1.7 -5.3) (end 0.9 -5.5) (layer F.Fab) (width 0.1))
    (fp_line (start 0.9 -5.5) (end 0 -5.6) (layer F.Fab) (width 0.1))
    (fp_line (start 0 -5.6) (end -0.8 -5.5) (layer F.Fab) (width 0.1))
